-2.0 -2.0 0.0
-2.0 -1.5555555555555556 0.0
-2.0 -1.1111111111111112 0.0
-2.0 -0.6666666666666667 0.0
-2.0 -0.22222222222222232 0.0
-2.0 0.22222222222222232 0.0
-2.0 0.6666666666666665 0.0
-2.0 1.1111111111111107 0.0
-2.0 1.5555555555555554 0.0
-2.0 2.0 0.0
-1.5555555555555556 -2.0 0.0
-1.5555555555555556 -1.5555555555555556 0.0
-1.5555555555555556 -1.1111111111111112 0.0
-1.5555555555555556 -0.6666666666666667 0.0
-1.5555555555555556 -0.22222222222222232 0.0
-1.5555555555555556 0.22222222222222232 0.0
-1.5555555555555556 0.6666666666666665 0.0
-1.5555555555555556 1.1111111111111107 0.0
-1.5555555555555556 1.5555555555555554 0.0
-1.5555555555555556 2.0 0.0
-1.1111111111111112 -2.0 0.0
-1.1111111111111112 -1.5555555555555556 0.0
-1.1111111111111112 -1.1111111111111112 0.0
-1.1111111111111112 -0.6666666666666667 0.0
-1.1111111111111112 -0.22222222222222232 0.0
-1.1111111111111112 0.22222222222222232 0.0
-1.1111111111111112 0.6666666666666665 0.0
-1.1111111111111112 1.1111111111111107 0.0
-1.1111111111111112 1.5555555555555554 0.0
-1.1111111111111112 2.0 0.0
-0.6666666666666667 -2.0 0.0
-0.6666666666666667 -1.5555555555555556 0.0
-0.6666666666666667 -1.1111111111111112 0.0
-0.6666666666666667 -0.6666666666666667 0.0
-0.6666666666666667 -0.22222222222222232 0.0
-0.6666666666666667 0.22222222222222232 0.0
-0.6666666666666667 0.6666666666666665 0.0
-0.6666666666666667 1.1111111111111107 0.0
-0.6666666666666667 1.5555555555555554 0.0
-0.6666666666666667 2.0 0.0
-0.22222222222222232 -2.0 0.0
-0.22222222222222232 -1.5555555555555556 0.0
-0.22222222222222232 -1.1111111111111112 0.0
-0.22222222222222232 -0.6666666666666667 0.0
-0.22222222222222232 -0.22222222222222232 0.0
-0.22222222222222232 0.22222222222222232 0.0
-0.22222222222222232 0.6666666666666665 0.0
-0.22222222222222232 1.1111111111111107 0.0
-0.22222222222222232 1.5555555555555554 0.0
-0.22222222222222232 2.0 0.0
0.22222222222222232 -2.0 0.0
0.22222222222222232 -1.5555555555555556 0.0
0.22222222222222232 -1.1111111111111112 0.0
0.22222222222222232 -0.6666666666666667 0.0
0.22222222222222232 -0.22222222222222232 0.0
0.22222222222222232 0.22222222222222232 0.0
0.22222222222222232 0.6666666666666665 0.0
0.22222222222222232 1.1111111111111107 0.0
0.22222222222222232 1.5555555555555554 0.0
0.22222222222222232 2.0 0.0
0.6666666666666665 -2.0 0.0
0.6666666666666665 -1.5555555555555556 0.0
0.6666666666666665 -1.1111111111111112 0.0
0.6666666666666665 -0.6666666666666667 0.0
0.6666666666666665 -0.22222222222222232 0.0
0.6666666666666665 0.22222222222222232 0.0
0.6666666666666665 0.6666666666666665 0.0
0.6666666666666665 1.1111111111111107 0.0
0.6666666666666665 1.5555555555555554 0.0
0.6666666666666665 2.0 0.0
1.1111111111111107 -2.0 0.0
1.1111111111111107 -1.5555555555555556 0.0
1.1111111111111107 -1.1111111111111112 0.0
1.1111111111111107 -0.6666666666666667 0.0
1.1111111111111107 -0.22222222222222232 0.0
1.1111111111111107 0.22222222222222232 0.0
1.1111111111111107 0.6666666666666665 0.0
1.1111111111111107 1.1111111111111107 0.0
1.1111111111111107 1.5555555555555554 0.0
1.1111111111111107 2.0 0.0
1.5555555555555554 -2.0 0.0
1.5555555555555554 -1.5555555555555556 0.0
1.5555555555555554 -1.1111111111111112 0.0
1.5555555555555554 -0.6666666666666667 0.0
1.5555555555555554 -0.22222222222222232 0.0
1.5555555555555554 0.22222222222222232 0.0
1.5555555555555554 0.6666666666666665 0.0
1.5555555555555554 1.1111111111111107 0.0
1.5555555555555554 1.5555555555555554 0.0
1.5555555555555554 2.0 0.0
2.0 -2.0 0.0
2.0 -1.5555555555555556 0.0
2.0 -1.1111111111111112 0.0
2.0 -0.6666666666666667 0.0
2.0 -0.22222222222222232 0.0
2.0 0.22222222222222232 0.0
2.0 0.6666666666666665 0.0
2.0 1.1111111111111107 0.0
2.0 1.5555555555555554 0.0
2.0 2.0 0.0
-2.0 -2.0 0.4444444444444444
-2.0 -1.5555555555555556 0.4444444444444444
-2.0 -1.1111111111111112 0.4444444444444444
-2.0 -0.6666666666666667 0.4444444444444444
-2.0 -0.22222222222222232 0.4444444444444444
-2.0 0.22222222222222232 0.4444444444444444
-2.0 0.6666666666666665 0.4444444444444444
-2.0 1.1111111111111107 0.4444444444444444
-2.0 1.5555555555555554 0.4444444444444444
-2.0 2.0 0.4444444444444444
-1.5555555555555556 -2.0 0.4444444444444444
-1.5555555555555556 -1.5555555555555556 0.4444444444444444
-1.5555555555555556 -1.1111111111111112 0.4444444444444444
-1.5555555555555556 -0.6666666666666667 0.4444444444444444
-1.5555555555555556 -0.22222222222222232 0.4444444444444444
-1.5555555555555556 0.22222222222222232 0.4444444444444444
-1.5555555555555556 0.6666666666666665 0.4444444444444444
-1.5555555555555556 1.1111111111111107 0.4444444444444444
-1.5555555555555556 1.5555555555555554 0.4444444444444444
-1.5555555555555556 2.0 0.4444444444444444
-1.1111111111111112 -2.0 0.4444444444444444
-1.1111111111111112 -1.5555555555555556 0.4444444444444444
-1.1111111111111112 -1.1111111111111112 0.4444444444444444
-1.1111111111111112 -0.6666666666666667 0.4444444444444444
-1.1111111111111112 -0.22222222222222232 0.4444444444444444
-1.1111111111111112 0.22222222222222232 0.4444444444444444
-1.1111111111111112 0.6666666666666665 0.4444444444444444
-1.1111111111111112 1.1111111111111107 0.4444444444444444
-1.1111111111111112 1.5555555555555554 0.4444444444444444
-1.1111111111111112 2.0 0.4444444444444444
-0.6666666666666667 -2.0 0.4444444444444444
-0.6666666666666667 -1.5555555555555556 0.4444444444444444
-0.6666666666666667 -1.1111111111111112 0.4444444444444444
-0.6666666666666667 -0.6666666666666667 0.4444444444444444
-0.6666666666666667 -0.22222222222222232 0.4444444444444444
-0.6666666666666667 0.22222222222222232 0.4444444444444444
-0.6666666666666667 0.6666666666666665 0.4444444444444444
-0.6666666666666667 1.1111111111111107 0.4444444444444444
-0.6666666666666667 1.5555555555555554 0.4444444444444444
-0.6666666666666667 2.0 0.4444444444444444
-0.22222222222222232 -2.0 0.4444444444444444
-0.22222222222222232 -1.5555555555555556 0.4444444444444444
-0.22222222222222232 -1.1111111111111112 0.4444444444444444
-0.22222222222222232 -0.6666666666666667 0.4444444444444444
-0.22222222222222232 -0.22222222222222232 0.4444444444444444
-0.22222222222222232 0.22222222222222232 0.4444444444444444
-0.22222222222222232 0.6666666666666665 0.4444444444444444
-0.22222222222222232 1.1111111111111107 0.4444444444444444
-0.22222222222222232 1.5555555555555554 0.4444444444444444
-0.22222222222222232 2.0 0.4444444444444444
0.22222222222222232 -2.0 0.4444444444444444
0.22222222222222232 -1.5555555555555556 0.4444444444444444
0.22222222222222232 -1.1111111111111112 0.4444444444444444
0.22222222222222232 -0.6666666666666667 0.4444444444444444
0.22222222222222232 -0.22222222222222232 0.4444444444444444
0.22222222222222232 0.22222222222222232 0.4444444444444444
0.22222222222222232 0.6666666666666665 0.4444444444444444
0.22222222222222232 1.1111111111111107 0.4444444444444444
0.22222222222222232 1.5555555555555554 0.4444444444444444
0.22222222222222232 2.0 0.4444444444444444
0.6666666666666665 -2.0 0.4444444444444444
0.6666666666666665 -1.5555555555555556 0.4444444444444444
0.6666666666666665 -1.1111111111111112 0.4444444444444444
0.6666666666666665 -0.6666666666666667 0.4444444444444444
0.6666666666666665 -0.22222222222222232 0.4444444444444444
0.6666666666666665 0.22222222222222232 0.4444444444444444
0.6666666666666665 0.6666666666666665 0.4444444444444444
0.6666666666666665 1.1111111111111107 0.4444444444444444
0.6666666666666665 1.5555555555555554 0.4444444444444444
0.6666666666666665 2.0 0.4444444444444444
1.1111111111111107 -2.0 0.4444444444444444
1.1111111111111107 -1.5555555555555556 0.4444444444444444
1.1111111111111107 -1.1111111111111112 0.4444444444444444
1.1111111111111107 -0.6666666666666667 0.4444444444444444
1.1111111111111107 -0.22222222222222232 0.4444444444444444
1.1111111111111107 0.22222222222222232 0.4444444444444444
1.1111111111111107 0.6666666666666665 0.4444444444444444
1.1111111111111107 1.1111111111111107 0.4444444444444444
1.1111111111111107 1.5555555555555554 0.4444444444444444
1.1111111111111107 2.0 0.4444444444444444
1.5555555555555554 -2.0 0.4444444444444444
1.5555555555555554 -1.5555555555555556 0.4444444444444444
1.5555555555555554 -1.1111111111111112 0.4444444444444444
1.5555555555555554 -0.6666666666666667 0.4444444444444444
1.5555555555555554 -0.22222222222222232 0.4444444444444444
1.5555555555555554 0.22222222222222232 0.4444444444444444
1.5555555555555554 0.6666666666666665 0.4444444444444444
1.5555555555555554 1.1111111111111107 0.4444444444444444
1.5555555555555554 1.5555555555555554 0.4444444444444444
1.5555555555555554 2.0 0.4444444444444444
2.0 -2.0 0.4444444444444444
2.0 -1.5555555555555556 0.4444444444444444
2.0 -1.1111111111111112 0.4444444444444444
2.0 -0.6666666666666667 0.4444444444444444
2.0 -0.22222222222222232 0.4444444444444444
2.0 0.22222222222222232 0.4444444444444444
2.0 0.6666666666666665 0.4444444444444444
2.0 1.1111111111111107 0.4444444444444444
2.0 1.5555555555555554 0.4444444444444444
2.0 2.0 0.4444444444444444
-2.0 -2.0 0.8888888888888888
-2.0 -1.5555555555555556 0.8888888888888888
-2.0 -1.1111111111111112 0.8888888888888888
-2.0 -0.6666666666666667 0.8888888888888888
-2.0 -0.22222222222222232 0.8888888888888888
-2.0 0.22222222222222232 0.8888888888888888
-2.0 0.6666666666666665 0.8888888888888888
-2.0 1.1111111111111107 0.8888888888888888
-2.0 1.5555555555555554 0.8888888888888888
-2.0 2.0 0.8888888888888888
-1.5555555555555556 -2.0 0.8888888888888888
-1.5555555555555556 -1.5555555555555556 0.8888888888888888
-1.5555555555555556 -1.1111111111111112 0.8888888888888888
-1.5555555555555556 -0.6666666666666667 0.8888888888888888
-1.5555555555555556 -0.22222222222222232 0.8888888888888888
-1.5555555555555556 0.22222222222222232 0.8888888888888888
-1.5555555555555556 0.6666666666666665 0.8888888888888888
-1.5555555555555556 1.1111111111111107 0.8888888888888888
-1.5555555555555556 1.5555555555555554 0.8888888888888888
-1.5555555555555556 2.0 0.8888888888888888
-1.1111111111111112 -2.0 0.8888888888888888
-1.1111111111111112 -1.5555555555555556 0.8888888888888888
-1.1111111111111112 -1.1111111111111112 0.8888888888888888
-1.1111111111111112 -0.6666666666666667 0.8888888888888888
-1.1111111111111112 -0.22222222222222232 0.8888888888888888
-1.1111111111111112 0.22222222222222232 0.8888888888888888
-1.1111111111111112 0.6666666666666665 0.8888888888888888
-1.1111111111111112 1.1111111111111107 0.8888888888888888
-1.1111111111111112 1.5555555555555554 0.8888888888888888
-1.1111111111111112 2.0 0.8888888888888888
-0.6666666666666667 -2.0 0.8888888888888888
-0.6666666666666667 -1.5555555555555556 0.8888888888888888
-0.6666666666666667 -1.1111111111111112 0.8888888888888888
-0.6666666666666667 -0.6666666666666667 0.8888888888888888
-0.6666666666666667 -0.22222222222222232 0.8888888888888888
-0.6666666666666667 0.22222222222222232 0.8888888888888888
-0.6666666666666667 0.6666666666666665 0.8888888888888888
-0.6666666666666667 1.1111111111111107 0.8888888888888888
-0.6666666666666667 1.5555555555555554 0.8888888888888888
-0.6666666666666667 2.0 0.8888888888888888
-0.22222222222222232 -2.0 0.8888888888888888
-0.22222222222222232 -1.5555555555555556 0.8888888888888888
-0.22222222222222232 -1.1111111111111112 0.8888888888888888
-0.22222222222222232 -0.6666666666666667 0.8888888888888888
-0.22222222222222232 -0.22222222222222232 0.8888888888888888
-0.22222222222222232 0.22222222222222232 0.8888888888888888
-0.22222222222222232 0.6666666666666665 0.8888888888888888
-0.22222222222222232 1.1111111111111107 0.8888888888888888
-0.22222222222222232 1.5555555555555554 0.8888888888888888
-0.22222222222222232 2.0 0.8888888888888888
0.22222222222222232 -2.0 0.8888888888888888
0.22222222222222232 -1.5555555555555556 0.8888888888888888
0.22222222222222232 -1.1111111111111112 0.8888888888888888
0.22222222222222232 -0.6666666666666667 0.8888888888888888
0.22222222222222232 -0.22222222222222232 0.8888888888888888
0.22222222222222232 0.22222222222222232 0.8888888888888888
0.22222222222222232 0.6666666666666665 0.8888888888888888
0.22222222222222232 1.1111111111111107 0.8888888888888888
0.22222222222222232 1.5555555555555554 0.8888888888888888
0.22222222222222232 2.0 0.8888888888888888
0.6666666666666665 -2.0 0.8888888888888888
0.6666666666666665 -1.5555555555555556 0.8888888888888888
0.6666666666666665 -1.1111111111111112 0.8888888888888888
0.6666666666666665 -0.6666666666666667 0.8888888888888888
0.6666666666666665 -0.22222222222222232 0.8888888888888888
0.6666666666666665 0.22222222222222232 0.8888888888888888
0.6666666666666665 0.6666666666666665 0.8888888888888888
0.6666666666666665 1.1111111111111107 0.8888888888888888
0.6666666666666665 1.5555555555555554 0.8888888888888888
0.6666666666666665 2.0 0.8888888888888888
1.1111111111111107 -2.0 0.8888888888888888
1.1111111111111107 -1.5555555555555556 0.8888888888888888
1.1111111111111107 -1.1111111111111112 0.8888888888888888
1.1111111111111107 -0.6666666666666667 0.8888888888888888
1.1111111111111107 -0.22222222222222232 0.8888888888888888
1.1111111111111107 0.22222222222222232 0.8888888888888888
1.1111111111111107 0.6666666666666665 0.8888888888888888
1.1111111111111107 1.1111111111111107 0.8888888888888888
1.1111111111111107 1.5555555555555554 0.8888888888888888
1.1111111111111107 2.0 0.8888888888888888
1.5555555555555554 -2.0 0.8888888888888888
1.5555555555555554 -1.5555555555555556 0.8888888888888888
1.5555555555555554 -1.1111111111111112 0.8888888888888888
1.5555555555555554 -0.6666666666666667 0.8888888888888888
1.5555555555555554 -0.22222222222222232 0.8888888888888888
1.5555555555555554 0.22222222222222232 0.8888888888888888
1.5555555555555554 0.6666666666666665 0.8888888888888888
1.5555555555555554 1.1111111111111107 0.8888888888888888
1.5555555555555554 1.5555555555555554 0.8888888888888888
1.5555555555555554 2.0 0.8888888888888888
2.0 -2.0 0.8888888888888888
2.0 -1.5555555555555556 0.8888888888888888
2.0 -1.1111111111111112 0.8888888888888888
2.0 -0.6666666666666667 0.8888888888888888
2.0 -0.22222222222222232 0.8888888888888888
2.0 0.22222222222222232 0.8888888888888888
2.0 0.6666666666666665 0.8888888888888888
2.0 1.1111111111111107 0.8888888888888888
2.0 1.5555555555555554 0.8888888888888888
2.0 2.0 0.8888888888888888
-2.0 -2.0 1.3333333333333333
-2.0 -1.5555555555555556 1.3333333333333333
-2.0 -1.1111111111111112 1.3333333333333333
-2.0 -0.6666666666666667 1.3333333333333333
-2.0 -0.22222222222222232 1.3333333333333333
-2.0 0.22222222222222232 1.3333333333333333
-2.0 0.6666666666666665 1.3333333333333333
-2.0 1.1111111111111107 1.3333333333333333
-2.0 1.5555555555555554 1.3333333333333333
-2.0 2.0 1.3333333333333333
-1.5555555555555556 -2.0 1.3333333333333333
-1.5555555555555556 -1.5555555555555556 1.3333333333333333
-1.5555555555555556 -1.1111111111111112 1.3333333333333333
-1.5555555555555556 -0.6666666666666667 1.3333333333333333
-1.5555555555555556 -0.22222222222222232 1.3333333333333333
-1.5555555555555556 0.22222222222222232 1.3333333333333333
-1.5555555555555556 0.6666666666666665 1.3333333333333333
-1.5555555555555556 1.1111111111111107 1.3333333333333333
-1.5555555555555556 1.5555555555555554 1.3333333333333333
-1.5555555555555556 2.0 1.3333333333333333
-1.1111111111111112 -2.0 1.3333333333333333
-1.1111111111111112 -1.5555555555555556 1.3333333333333333
-1.1111111111111112 -1.1111111111111112 1.3333333333333333
-1.1111111111111112 -0.6666666666666667 1.3333333333333333
-1.1111111111111112 -0.22222222222222232 1.3333333333333333
-1.1111111111111112 0.22222222222222232 1.3333333333333333
-1.1111111111111112 0.6666666666666665 1.3333333333333333
-1.1111111111111112 1.1111111111111107 1.3333333333333333
-1.1111111111111112 1.5555555555555554 1.3333333333333333
-1.1111111111111112 2.0 1.3333333333333333
-0.6666666666666667 -2.0 1.3333333333333333
-0.6666666666666667 -1.5555555555555556 1.3333333333333333
-0.6666666666666667 -1.1111111111111112 1.3333333333333333
-0.6666666666666667 -0.6666666666666667 1.3333333333333333
-0.6666666666666667 -0.22222222222222232 1.3333333333333333
-0.6666666666666667 0.22222222222222232 1.3333333333333333
-0.6666666666666667 0.6666666666666665 1.3333333333333333
-0.6666666666666667 1.1111111111111107 1.3333333333333333
-0.6666666666666667 1.5555555555555554 1.3333333333333333
-0.6666666666666667 2.0 1.3333333333333333
-0.22222222222222232 -2.0 1.3333333333333333
-0.22222222222222232 -1.5555555555555556 1.3333333333333333
-0.22222222222222232 -1.1111111111111112 1.3333333333333333
-0.22222222222222232 -0.6666666666666667 1.3333333333333333
-0.22222222222222232 -0.22222222222222232 1.3333333333333333
-0.22222222222222232 0.22222222222222232 1.3333333333333333
-0.22222222222222232 0.6666666666666665 1.3333333333333333
-0.22222222222222232 1.1111111111111107 1.3333333333333333
-0.22222222222222232 1.5555555555555554 1.3333333333333333
-0.22222222222222232 2.0 1.3333333333333333
0.22222222222222232 -2.0 1.3333333333333333
0.22222222222222232 -1.5555555555555556 1.3333333333333333
0.22222222222222232 -1.1111111111111112 1.3333333333333333
0.22222222222222232 -0.6666666666666667 1.3333333333333333
0.22222222222222232 -0.22222222222222232 1.3333333333333333
0.22222222222222232 0.22222222222222232 1.3333333333333333
0.22222222222222232 0.6666666666666665 1.3333333333333333
0.22222222222222232 1.1111111111111107 1.3333333333333333
0.22222222222222232 1.5555555555555554 1.3333333333333333
0.22222222222222232 2.0 1.3333333333333333
0.6666666666666665 -2.0 1.3333333333333333
0.6666666666666665 -1.5555555555555556 1.3333333333333333
0.6666666666666665 -1.1111111111111112 1.3333333333333333
0.6666666666666665 -0.6666666666666667 1.3333333333333333
0.6666666666666665 -0.22222222222222232 1.3333333333333333
0.6666666666666665 0.22222222222222232 1.3333333333333333
0.6666666666666665 0.6666666666666665 1.3333333333333333
0.6666666666666665 1.1111111111111107 1.3333333333333333
0.6666666666666665 1.5555555555555554 1.3333333333333333
0.6666666666666665 2.0 1.3333333333333333
1.1111111111111107 -2.0 1.3333333333333333
1.1111111111111107 -1.5555555555555556 1.3333333333333333
1.1111111111111107 -1.1111111111111112 1.3333333333333333
1.1111111111111107 -0.6666666666666667 1.3333333333333333
1.1111111111111107 -0.22222222222222232 1.3333333333333333
1.1111111111111107 0.22222222222222232 1.3333333333333333
1.1111111111111107 0.6666666666666665 1.3333333333333333
1.1111111111111107 1.1111111111111107 1.3333333333333333
1.1111111111111107 1.5555555555555554 1.3333333333333333
1.1111111111111107 2.0 1.3333333333333333
1.5555555555555554 -2.0 1.3333333333333333
1.5555555555555554 -1.5555555555555556 1.3333333333333333
1.5555555555555554 -1.1111111111111112 1.3333333333333333
1.5555555555555554 -0.6666666666666667 1.3333333333333333
1.5555555555555554 -0.22222222222222232 1.3333333333333333
1.5555555555555554 0.22222222222222232 1.3333333333333333
1.5555555555555554 0.6666666666666665 1.3333333333333333
1.5555555555555554 1.1111111111111107 1.3333333333333333
1.5555555555555554 1.5555555555555554 1.3333333333333333
1.5555555555555554 2.0 1.3333333333333333
2.0 -2.0 1.3333333333333333
2.0 -1.5555555555555556 1.3333333333333333
2.0 -1.1111111111111112 1.3333333333333333
2.0 -0.6666666666666667 1.3333333333333333
2.0 -0.22222222222222232 1.3333333333333333
2.0 0.22222222222222232 1.3333333333333333
2.0 0.6666666666666665 1.3333333333333333
2.0 1.1111111111111107 1.3333333333333333
2.0 1.5555555555555554 1.3333333333333333
2.0 2.0 1.3333333333333333
-2.0 -2.0 1.7777777777777777
-2.0 -1.5555555555555556 1.7777777777777777
-2.0 -1.1111111111111112 1.7777777777777777
-2.0 -0.6666666666666667 1.7777777777777777
-2.0 -0.22222222222222232 1.7777777777777777
-2.0 0.22222222222222232 1.7777777777777777
-2.0 0.6666666666666665 1.7777777777777777
-2.0 1.1111111111111107 1.7777777777777777
-2.0 1.5555555555555554 1.7777777777777777
-2.0 2.0 1.7777777777777777
-1.5555555555555556 -2.0 1.7777777777777777
-1.5555555555555556 -1.5555555555555556 1.7777777777777777
-1.5555555555555556 -1.1111111111111112 1.7777777777777777
-1.5555555555555556 -0.6666666666666667 1.7777777777777777
-1.5555555555555556 -0.22222222222222232 1.7777777777777777
-1.5555555555555556 0.22222222222222232 1.7777777777777777
-1.5555555555555556 0.6666666666666665 1.7777777777777777
-1.5555555555555556 1.1111111111111107 1.7777777777777777
-1.5555555555555556 1.5555555555555554 1.7777777777777777
-1.5555555555555556 2.0 1.7777777777777777
-1.1111111111111112 -2.0 1.7777777777777777
-1.1111111111111112 -1.5555555555555556 1.7777777777777777
-1.1111111111111112 -1.1111111111111112 1.7777777777777777
-1.1111111111111112 -0.6666666666666667 1.7777777777777777
-1.1111111111111112 -0.22222222222222232 1.7777777777777777
-1.1111111111111112 0.22222222222222232 1.7777777777777777
-1.1111111111111112 0.6666666666666665 1.7777777777777777
-1.1111111111111112 1.1111111111111107 1.7777777777777777
-1.1111111111111112 1.5555555555555554 1.7777777777777777
-1.1111111111111112 2.0 1.7777777777777777
-0.6666666666666667 -2.0 1.7777777777777777
-0.6666666666666667 -1.5555555555555556 1.7777777777777777
-0.6666666666666667 -1.1111111111111112 1.7777777777777777
-0.6666666666666667 -0.6666666666666667 1.7777777777777777
-0.6666666666666667 -0.22222222222222232 1.7777777777777777
-0.6666666666666667 0.22222222222222232 1.7777777777777777
-0.6666666666666667 0.6666666666666665 1.7777777777777777
-0.6666666666666667 1.1111111111111107 1.7777777777777777
-0.6666666666666667 1.5555555555555554 1.7777777777777777
-0.6666666666666667 2.0 1.7777777777777777
-0.22222222222222232 -2.0 1.7777777777777777
-0.22222222222222232 -1.5555555555555556 1.7777777777777777
-0.22222222222222232 -1.1111111111111112 1.7777777777777777
-0.22222222222222232 -0.6666666666666667 1.7777777777777777
-0.22222222222222232 -0.22222222222222232 1.7777777777777777
-0.22222222222222232 0.22222222222222232 1.7777777777777777
-0.22222222222222232 0.6666666666666665 1.7777777777777777
-0.22222222222222232 1.1111111111111107 1.7777777777777777
-0.22222222222222232 1.5555555555555554 1.7777777777777777
-0.22222222222222232 2.0 1.7777777777777777
0.22222222222222232 -2.0 1.7777777777777777
0.22222222222222232 -1.5555555555555556 1.7777777777777777
0.22222222222222232 -1.1111111111111112 1.7777777777777777
0.22222222222222232 -0.6666666666666667 1.7777777777777777
0.22222222222222232 -0.22222222222222232 1.7777777777777777
0.22222222222222232 0.22222222222222232 1.7777777777777777
0.22222222222222232 0.6666666666666665 1.7777777777777777
0.22222222222222232 1.1111111111111107 1.7777777777777777
0.22222222222222232 1.5555555555555554 1.7777777777777777
0.22222222222222232 2.0 1.7777777777777777
0.6666666666666665 -2.0 1.7777777777777777
0.6666666666666665 -1.5555555555555556 1.7777777777777777
0.6666666666666665 -1.1111111111111112 1.7777777777777777
0.6666666666666665 -0.6666666666666667 1.7777777777777777
0.6666666666666665 -0.22222222222222232 1.7777777777777777
0.6666666666666665 0.22222222222222232 1.7777777777777777
0.6666666666666665 0.6666666666666665 1.7777777777777777
0.6666666666666665 1.1111111111111107 1.7777777777777777
0.6666666666666665 1.5555555555555554 1.7777777777777777
0.6666666666666665 2.0 1.7777777777777777
1.1111111111111107 -2.0 1.7777777777777777
1.1111111111111107 -1.5555555555555556 1.7777777777777777
1.1111111111111107 -1.1111111111111112 1.7777777777777777
1.1111111111111107 -0.6666666666666667 1.7777777777777777
1.1111111111111107 -0.22222222222222232 1.7777777777777777
1.1111111111111107 0.22222222222222232 1.7777777777777777
1.1111111111111107 0.6666666666666665 1.7777777777777777
1.1111111111111107 1.1111111111111107 1.7777777777777777
1.1111111111111107 1.5555555555555554 1.7777777777777777
1.1111111111111107 2.0 1.7777777777777777
1.5555555555555554 -2.0 1.7777777777777777
1.5555555555555554 -1.5555555555555556 1.7777777777777777
1.5555555555555554 -1.1111111111111112 1.7777777777777777
1.5555555555555554 -0.6666666666666667 1.7777777777777777
1.5555555555555554 -0.22222222222222232 1.7777777777777777
1.5555555555555554 0.22222222222222232 1.7777777777777777
1.5555555555555554 0.6666666666666665 1.7777777777777777
1.5555555555555554 1.1111111111111107 1.7777777777777777
1.5555555555555554 1.5555555555555554 1.7777777777777777
1.5555555555555554 2.0 1.7777777777777777
2.0 -2.0 1.7777777777777777
2.0 -1.5555555555555556 1.7777777777777777
2.0 -1.1111111111111112 1.7777777777777777
2.0 -0.6666666666666667 1.7777777777777777
2.0 -0.22222222222222232 1.7777777777777777
2.0 0.22222222222222232 1.7777777777777777
2.0 0.6666666666666665 1.7777777777777777
2.0 1.1111111111111107 1.7777777777777777
2.0 1.5555555555555554 1.7777777777777777
2.0 2.0 1.7777777777777777
-2.0 -2.0 2.2222222222222223
-2.0 -1.5555555555555556 2.2222222222222223
-2.0 -1.1111111111111112 2.2222222222222223
-2.0 -0.6666666666666667 2.2222222222222223
-2.0 -0.22222222222222232 2.2222222222222223
-2.0 0.22222222222222232 2.2222222222222223
-2.0 0.6666666666666665 2.2222222222222223
-2.0 1.1111111111111107 2.2222222222222223
-2.0 1.5555555555555554 2.2222222222222223
-2.0 2.0 2.2222222222222223
-1.5555555555555556 -2.0 2.2222222222222223
-1.5555555555555556 -1.5555555555555556 2.2222222222222223
-1.5555555555555556 -1.1111111111111112 2.2222222222222223
-1.5555555555555556 -0.6666666666666667 2.2222222222222223
-1.5555555555555556 -0.22222222222222232 2.2222222222222223
-1.5555555555555556 0.22222222222222232 2.2222222222222223
-1.5555555555555556 0.6666666666666665 2.2222222222222223
-1.5555555555555556 1.1111111111111107 2.2222222222222223
-1.5555555555555556 1.5555555555555554 2.2222222222222223
-1.5555555555555556 2.0 2.2222222222222223
-1.1111111111111112 -2.0 2.2222222222222223
-1.1111111111111112 -1.5555555555555556 2.2222222222222223
-1.1111111111111112 -1.1111111111111112 2.2222222222222223
-1.1111111111111112 -0.6666666666666667 2.2222222222222223
-1.1111111111111112 -0.22222222222222232 2.2222222222222223
-1.1111111111111112 0.22222222222222232 2.2222222222222223
-1.1111111111111112 0.6666666666666665 2.2222222222222223
-1.1111111111111112 1.1111111111111107 2.2222222222222223
-1.1111111111111112 1.5555555555555554 2.2222222222222223
-1.1111111111111112 2.0 2.2222222222222223
-0.6666666666666667 -2.0 2.2222222222222223
-0.6666666666666667 -1.5555555555555556 2.2222222222222223
-0.6666666666666667 -1.1111111111111112 2.2222222222222223
-0.6666666666666667 -0.6666666666666667 2.2222222222222223
-0.6666666666666667 -0.22222222222222232 2.2222222222222223
-0.6666666666666667 0.22222222222222232 2.2222222222222223
-0.6666666666666667 0.6666666666666665 2.2222222222222223
-0.6666666666666667 1.1111111111111107 2.2222222222222223
-0.6666666666666667 1.5555555555555554 2.2222222222222223
-0.6666666666666667 2.0 2.2222222222222223
-0.22222222222222232 -2.0 2.2222222222222223
-0.22222222222222232 -1.5555555555555556 2.2222222222222223
-0.22222222222222232 -1.1111111111111112 2.2222222222222223
-0.22222222222222232 -0.6666666666666667 2.2222222222222223
-0.22222222222222232 -0.22222222222222232 2.2222222222222223
-0.22222222222222232 0.22222222222222232 2.2222222222222223
-0.22222222222222232 0.6666666666666665 2.2222222222222223
-0.22222222222222232 1.1111111111111107 2.2222222222222223
-0.22222222222222232 1.5555555555555554 2.2222222222222223
-0.22222222222222232 2.0 2.2222222222222223
0.22222222222222232 -2.0 2.2222222222222223
0.22222222222222232 -1.5555555555555556 2.2222222222222223
0.22222222222222232 -1.1111111111111112 2.2222222222222223
0.22222222222222232 -0.6666666666666667 2.2222222222222223
0.22222222222222232 -0.22222222222222232 2.2222222222222223
0.22222222222222232 0.22222222222222232 2.2222222222222223
0.22222222222222232 0.6666666666666665 2.2222222222222223
0.22222222222222232 1.1111111111111107 2.2222222222222223
0.22222222222222232 1.5555555555555554 2.2222222222222223
0.22222222222222232 2.0 2.2222222222222223
0.6666666666666665 -2.0 2.2222222222222223
0.6666666666666665 -1.5555555555555556 2.2222222222222223
0.6666666666666665 -1.1111111111111112 2.2222222222222223
0.6666666666666665 -0.6666666666666667 2.2222222222222223
0.6666666666666665 -0.22222222222222232 2.2222222222222223
0.6666666666666665 0.22222222222222232 2.2222222222222223
0.6666666666666665 0.6666666666666665 2.2222222222222223
0.6666666666666665 1.1111111111111107 2.2222222222222223
0.6666666666666665 1.5555555555555554 2.2222222222222223
0.6666666666666665 2.0 2.2222222222222223
1.1111111111111107 -2.0 2.2222222222222223
1.1111111111111107 -1.5555555555555556 2.2222222222222223
1.1111111111111107 -1.1111111111111112 2.2222222222222223
1.1111111111111107 -0.6666666666666667 2.2222222222222223
1.1111111111111107 -0.22222222222222232 2.2222222222222223
1.1111111111111107 0.22222222222222232 2.2222222222222223
1.1111111111111107 0.6666666666666665 2.2222222222222223
1.1111111111111107 1.1111111111111107 2.2222222222222223
1.1111111111111107 1.5555555555555554 2.2222222222222223
1.1111111111111107 2.0 2.2222222222222223
1.5555555555555554 -2.0 2.2222222222222223
1.5555555555555554 -1.5555555555555556 2.2222222222222223
1.5555555555555554 -1.1111111111111112 2.2222222222222223
1.5555555555555554 -0.6666666666666667 2.2222222222222223
1.5555555555555554 -0.22222222222222232 2.2222222222222223
1.5555555555555554 0.22222222222222232 2.2222222222222223
1.5555555555555554 0.6666666666666665 2.2222222222222223
1.5555555555555554 1.1111111111111107 2.2222222222222223
1.5555555555555554 1.5555555555555554 2.2222222222222223
1.5555555555555554 2.0 2.2222222222222223
2.0 -2.0 2.2222222222222223
2.0 -1.5555555555555556 2.2222222222222223
2.0 -1.1111111111111112 2.2222222222222223
2.0 -0.6666666666666667 2.2222222222222223
2.0 -0.22222222222222232 2.2222222222222223
2.0 0.22222222222222232 2.2222222222222223
2.0 0.6666666666666665 2.2222222222222223
2.0 1.1111111111111107 2.2222222222222223
2.0 1.5555555555555554 2.2222222222222223
2.0 2.0 2.2222222222222223
-2.0 -2.0 2.6666666666666665
-2.0 -1.5555555555555556 2.6666666666666665
-2.0 -1.1111111111111112 2.6666666666666665
-2.0 -0.6666666666666667 2.6666666666666665
-2.0 -0.22222222222222232 2.6666666666666665
-2.0 0.22222222222222232 2.6666666666666665
-2.0 0.6666666666666665 2.6666666666666665
-2.0 1.1111111111111107 2.6666666666666665
-2.0 1.5555555555555554 2.6666666666666665
-2.0 2.0 2.6666666666666665
-1.5555555555555556 -2.0 2.6666666666666665
-1.5555555555555556 -1.5555555555555556 2.6666666666666665
-1.5555555555555556 -1.1111111111111112 2.6666666666666665
-1.5555555555555556 -0.6666666666666667 2.6666666666666665
-1.5555555555555556 -0.22222222222222232 2.6666666666666665
-1.5555555555555556 0.22222222222222232 2.6666666666666665
-1.5555555555555556 0.6666666666666665 2.6666666666666665
-1.5555555555555556 1.1111111111111107 2.6666666666666665
-1.5555555555555556 1.5555555555555554 2.6666666666666665
-1.5555555555555556 2.0 2.6666666666666665
-1.1111111111111112 -2.0 2.6666666666666665
-1.1111111111111112 -1.5555555555555556 2.6666666666666665
-1.1111111111111112 -1.1111111111111112 2.6666666666666665
-1.1111111111111112 -0.6666666666666667 2.6666666666666665
-1.1111111111111112 -0.22222222222222232 2.6666666666666665
-1.1111111111111112 0.22222222222222232 2.6666666666666665
-1.1111111111111112 0.6666666666666665 2.6666666666666665
-1.1111111111111112 1.1111111111111107 2.6666666666666665
-1.1111111111111112 1.5555555555555554 2.6666666666666665
-1.1111111111111112 2.0 2.6666666666666665
-0.6666666666666667 -2.0 2.6666666666666665
-0.6666666666666667 -1.5555555555555556 2.6666666666666665
-0.6666666666666667 -1.1111111111111112 2.6666666666666665
-0.6666666666666667 -0.6666666666666667 2.6666666666666665
-0.6666666666666667 -0.22222222222222232 2.6666666666666665
-0.6666666666666667 0.22222222222222232 2.6666666666666665
-0.6666666666666667 0.6666666666666665 2.6666666666666665
-0.6666666666666667 1.1111111111111107 2.6666666666666665
-0.6666666666666667 1.5555555555555554 2.6666666666666665
-0.6666666666666667 2.0 2.6666666666666665
-0.22222222222222232 -2.0 2.6666666666666665
-0.22222222222222232 -1.5555555555555556 2.6666666666666665
-0.22222222222222232 -1.1111111111111112 2.6666666666666665
-0.22222222222222232 -0.6666666666666667 2.6666666666666665
-0.22222222222222232 -0.22222222222222232 2.6666666666666665
-0.22222222222222232 0.22222222222222232 2.6666666666666665
-0.22222222222222232 0.6666666666666665 2.6666666666666665
-0.22222222222222232 1.1111111111111107 2.6666666666666665
-0.22222222222222232 1.5555555555555554 2.6666666666666665
-0.22222222222222232 2.0 2.6666666666666665
0.22222222222222232 -2.0 2.6666666666666665
0.22222222222222232 -1.5555555555555556 2.6666666666666665
0.22222222222222232 -1.1111111111111112 2.6666666666666665
0.22222222222222232 -0.6666666666666667 2.6666666666666665
0.22222222222222232 -0.22222222222222232 2.6666666666666665
0.22222222222222232 0.22222222222222232 2.6666666666666665
0.22222222222222232 0.6666666666666665 2.6666666666666665
0.22222222222222232 1.1111111111111107 2.6666666666666665
0.22222222222222232 1.5555555555555554 2.6666666666666665
0.22222222222222232 2.0 2.6666666666666665
0.6666666666666665 -2.0 2.6666666666666665
0.6666666666666665 -1.5555555555555556 2.6666666666666665
0.6666666666666665 -1.1111111111111112 2.6666666666666665
0.6666666666666665 -0.6666666666666667 2.6666666666666665
0.6666666666666665 -0.22222222222222232 2.6666666666666665
0.6666666666666665 0.22222222222222232 2.6666666666666665
0.6666666666666665 0.6666666666666665 2.6666666666666665
0.6666666666666665 1.1111111111111107 2.6666666666666665
0.6666666666666665 1.5555555555555554 2.6666666666666665
0.6666666666666665 2.0 2.6666666666666665
1.1111111111111107 -2.0 2.6666666666666665
1.1111111111111107 -1.5555555555555556 2.6666666666666665
1.1111111111111107 -1.1111111111111112 2.6666666666666665
1.1111111111111107 -0.6666666666666667 2.6666666666666665
1.1111111111111107 -0.22222222222222232 2.6666666666666665
1.1111111111111107 0.22222222222222232 2.6666666666666665
1.1111111111111107 0.6666666666666665 2.6666666666666665
1.1111111111111107 1.1111111111111107 2.6666666666666665
1.1111111111111107 1.5555555555555554 2.6666666666666665
1.1111111111111107 2.0 2.6666666666666665
1.5555555555555554 -2.0 2.6666666666666665
1.5555555555555554 -1.5555555555555556 2.6666666666666665
1.5555555555555554 -1.1111111111111112 2.6666666666666665
1.5555555555555554 -0.6666666666666667 2.6666666666666665
1.5555555555555554 -0.22222222222222232 2.6666666666666665
1.5555555555555554 0.22222222222222232 2.6666666666666665
1.5555555555555554 0.6666666666666665 2.6666666666666665
1.5555555555555554 1.1111111111111107 2.6666666666666665
1.5555555555555554 1.5555555555555554 2.6666666666666665
1.5555555555555554 2.0 2.6666666666666665
2.0 -2.0 2.6666666666666665
2.0 -1.5555555555555556 2.6666666666666665
2.0 -1.1111111111111112 2.6666666666666665
2.0 -0.6666666666666667 2.6666666666666665
2.0 -0.22222222222222232 2.6666666666666665
2.0 0.22222222222222232 2.6666666666666665
2.0 0.6666666666666665 2.6666666666666665
2.0 1.1111111111111107 2.6666666666666665
2.0 1.5555555555555554 2.6666666666666665
2.0 2.0 2.6666666666666665
-2.0 -2.0 3.1111111111111107
-2.0 -1.5555555555555556 3.1111111111111107
-2.0 -1.1111111111111112 3.1111111111111107
-2.0 -0.6666666666666667 3.1111111111111107
-2.0 -0.22222222222222232 3.1111111111111107
-2.0 0.22222222222222232 3.1111111111111107
-2.0 0.6666666666666665 3.1111111111111107
-2.0 1.1111111111111107 3.1111111111111107
-2.0 1.5555555555555554 3.1111111111111107
-2.0 2.0 3.1111111111111107
-1.5555555555555556 -2.0 3.1111111111111107
-1.5555555555555556 -1.5555555555555556 3.1111111111111107
-1.5555555555555556 -1.1111111111111112 3.1111111111111107
-1.5555555555555556 -0.6666666666666667 3.1111111111111107
-1.5555555555555556 -0.22222222222222232 3.1111111111111107
-1.5555555555555556 0.22222222222222232 3.1111111111111107
-1.5555555555555556 0.6666666666666665 3.1111111111111107
-1.5555555555555556 1.1111111111111107 3.1111111111111107
-1.5555555555555556 1.5555555555555554 3.1111111111111107
-1.5555555555555556 2.0 3.1111111111111107
-1.1111111111111112 -2.0 3.1111111111111107
-1.1111111111111112 -1.5555555555555556 3.1111111111111107
-1.1111111111111112 -1.1111111111111112 3.1111111111111107
-1.1111111111111112 -0.6666666666666667 3.1111111111111107
-1.1111111111111112 -0.22222222222222232 3.1111111111111107
-1.1111111111111112 0.22222222222222232 3.1111111111111107
-1.1111111111111112 0.6666666666666665 3.1111111111111107
-1.1111111111111112 1.1111111111111107 3.1111111111111107
-1.1111111111111112 1.5555555555555554 3.1111111111111107
-1.1111111111111112 2.0 3.1111111111111107
-0.6666666666666667 -2.0 3.1111111111111107
-0.6666666666666667 -1.5555555555555556 3.1111111111111107
-0.6666666666666667 -1.1111111111111112 3.1111111111111107
-0.6666666666666667 -0.6666666666666667 3.1111111111111107
-0.6666666666666667 -0.22222222222222232 3.1111111111111107
-0.6666666666666667 0.22222222222222232 3.1111111111111107
-0.6666666666666667 0.6666666666666665 3.1111111111111107
-0.6666666666666667 1.1111111111111107 3.1111111111111107
-0.6666666666666667 1.5555555555555554 3.1111111111111107
-0.6666666666666667 2.0 3.1111111111111107
-0.22222222222222232 -2.0 3.1111111111111107
-0.22222222222222232 -1.5555555555555556 3.1111111111111107
-0.22222222222222232 -1.1111111111111112 3.1111111111111107
-0.22222222222222232 -0.6666666666666667 3.1111111111111107
-0.22222222222222232 -0.22222222222222232 3.1111111111111107
-0.22222222222222232 0.22222222222222232 3.1111111111111107
-0.22222222222222232 0.6666666666666665 3.1111111111111107
-0.22222222222222232 1.1111111111111107 3.1111111111111107
-0.22222222222222232 1.5555555555555554 3.1111111111111107
-0.22222222222222232 2.0 3.1111111111111107
0.22222222222222232 -2.0 3.1111111111111107
0.22222222222222232 -1.5555555555555556 3.1111111111111107
0.22222222222222232 -1.1111111111111112 3.1111111111111107
0.22222222222222232 -0.6666666666666667 3.1111111111111107
0.22222222222222232 -0.22222222222222232 3.1111111111111107
0.22222222222222232 0.22222222222222232 3.1111111111111107
0.22222222222222232 0.6666666666666665 3.1111111111111107
0.22222222222222232 1.1111111111111107 3.1111111111111107
0.22222222222222232 1.5555555555555554 3.1111111111111107
0.22222222222222232 2.0 3.1111111111111107
0.6666666666666665 -2.0 3.1111111111111107
0.6666666666666665 -1.5555555555555556 3.1111111111111107
0.6666666666666665 -1.1111111111111112 3.1111111111111107
0.6666666666666665 -0.6666666666666667 3.1111111111111107
0.6666666666666665 -0.22222222222222232 3.1111111111111107
0.6666666666666665 0.22222222222222232 3.1111111111111107
0.6666666666666665 0.6666666666666665 3.1111111111111107
0.6666666666666665 1.1111111111111107 3.1111111111111107
0.6666666666666665 1.5555555555555554 3.1111111111111107
0.6666666666666665 2.0 3.1111111111111107
1.1111111111111107 -2.0 3.1111111111111107
1.1111111111111107 -1.5555555555555556 3.1111111111111107
1.1111111111111107 -1.1111111111111112 3.1111111111111107
1.1111111111111107 -0.6666666666666667 3.1111111111111107
1.1111111111111107 -0.22222222222222232 3.1111111111111107
1.1111111111111107 0.22222222222222232 3.1111111111111107
1.1111111111111107 0.6666666666666665 3.1111111111111107
1.1111111111111107 1.1111111111111107 3.1111111111111107
1.1111111111111107 1.5555555555555554 3.1111111111111107
1.1111111111111107 2.0 3.1111111111111107
1.5555555555555554 -2.0 3.1111111111111107
1.5555555555555554 -1.5555555555555556 3.1111111111111107
1.5555555555555554 -1.1111111111111112 3.1111111111111107
1.5555555555555554 -0.6666666666666667 3.1111111111111107
1.5555555555555554 -0.22222222222222232 3.1111111111111107
1.5555555555555554 0.22222222222222232 3.1111111111111107
1.5555555555555554 0.6666666666666665 3.1111111111111107
1.5555555555555554 1.1111111111111107 3.1111111111111107
1.5555555555555554 1.5555555555555554 3.1111111111111107
1.5555555555555554 2.0 3.1111111111111107
2.0 -2.0 3.1111111111111107
2.0 -1.5555555555555556 3.1111111111111107
2.0 -1.1111111111111112 3.1111111111111107
2.0 -0.6666666666666667 3.1111111111111107
2.0 -0.22222222222222232 3.1111111111111107
2.0 0.22222222222222232 3.1111111111111107
2.0 0.6666666666666665 3.1111111111111107
2.0 1.1111111111111107 3.1111111111111107
2.0 1.5555555555555554 3.1111111111111107
2.0 2.0 3.1111111111111107
-2.0 -2.0 3.5555555555555554
-2.0 -1.5555555555555556 3.5555555555555554
-2.0 -1.1111111111111112 3.5555555555555554
-2.0 -0.6666666666666667 3.5555555555555554
-2.0 -0.22222222222222232 3.5555555555555554
-2.0 0.22222222222222232 3.5555555555555554
-2.0 0.6666666666666665 3.5555555555555554
-2.0 1.1111111111111107 3.5555555555555554
-2.0 1.5555555555555554 3.5555555555555554
-2.0 2.0 3.5555555555555554
-1.5555555555555556 -2.0 3.5555555555555554
-1.5555555555555556 -1.5555555555555556 3.5555555555555554
-1.5555555555555556 -1.1111111111111112 3.5555555555555554
-1.5555555555555556 -0.6666666666666667 3.5555555555555554
-1.5555555555555556 -0.22222222222222232 3.5555555555555554
-1.5555555555555556 0.22222222222222232 3.5555555555555554
-1.5555555555555556 0.6666666666666665 3.5555555555555554
-1.5555555555555556 1.1111111111111107 3.5555555555555554
-1.5555555555555556 1.5555555555555554 3.5555555555555554
-1.5555555555555556 2.0 3.5555555555555554
-1.1111111111111112 -2.0 3.5555555555555554
-1.1111111111111112 -1.5555555555555556 3.5555555555555554
-1.1111111111111112 -1.1111111111111112 3.5555555555555554
-1.1111111111111112 -0.6666666666666667 3.5555555555555554
-1.1111111111111112 -0.22222222222222232 3.5555555555555554
-1.1111111111111112 0.22222222222222232 3.5555555555555554
-1.1111111111111112 0.6666666666666665 3.5555555555555554
-1.1111111111111112 1.1111111111111107 3.5555555555555554
-1.1111111111111112 1.5555555555555554 3.5555555555555554
-1.1111111111111112 2.0 3.5555555555555554
-0.6666666666666667 -2.0 3.5555555555555554
-0.6666666666666667 -1.5555555555555556 3.5555555555555554
-0.6666666666666667 -1.1111111111111112 3.5555555555555554
-0.6666666666666667 -0.6666666666666667 3.5555555555555554
-0.6666666666666667 -0.22222222222222232 3.5555555555555554
-0.6666666666666667 0.22222222222222232 3.5555555555555554
-0.6666666666666667 0.6666666666666665 3.5555555555555554
-0.6666666666666667 1.1111111111111107 3.5555555555555554
-0.6666666666666667 1.5555555555555554 3.5555555555555554
-0.6666666666666667 2.0 3.5555555555555554
-0.22222222222222232 -2.0 3.5555555555555554
-0.22222222222222232 -1.5555555555555556 3.5555555555555554
-0.22222222222222232 -1.1111111111111112 3.5555555555555554
-0.22222222222222232 -0.6666666666666667 3.5555555555555554
-0.22222222222222232 -0.22222222222222232 3.5555555555555554
-0.22222222222222232 0.22222222222222232 3.5555555555555554
-0.22222222222222232 0.6666666666666665 3.5555555555555554
-0.22222222222222232 1.1111111111111107 3.5555555555555554
-0.22222222222222232 1.5555555555555554 3.5555555555555554
-0.22222222222222232 2.0 3.5555555555555554
0.22222222222222232 -2.0 3.5555555555555554
0.22222222222222232 -1.5555555555555556 3.5555555555555554
0.22222222222222232 -1.1111111111111112 3.5555555555555554
0.22222222222222232 -0.6666666666666667 3.5555555555555554
0.22222222222222232 -0.22222222222222232 3.5555555555555554
0.22222222222222232 0.22222222222222232 3.5555555555555554
0.22222222222222232 0.6666666666666665 3.5555555555555554
0.22222222222222232 1.1111111111111107 3.5555555555555554
0.22222222222222232 1.5555555555555554 3.5555555555555554
0.22222222222222232 2.0 3.5555555555555554
0.6666666666666665 -2.0 3.5555555555555554
0.6666666666666665 -1.5555555555555556 3.5555555555555554
0.6666666666666665 -1.1111111111111112 3.5555555555555554
0.6666666666666665 -0.6666666666666667 3.5555555555555554
0.6666666666666665 -0.22222222222222232 3.5555555555555554
0.6666666666666665 0.22222222222222232 3.5555555555555554
0.6666666666666665 0.6666666666666665 3.5555555555555554
0.6666666666666665 1.1111111111111107 3.5555555555555554
0.6666666666666665 1.5555555555555554 3.5555555555555554
0.6666666666666665 2.0 3.5555555555555554
1.1111111111111107 -2.0 3.5555555555555554
1.1111111111111107 -1.5555555555555556 3.5555555555555554
1.1111111111111107 -1.1111111111111112 3.5555555555555554
1.1111111111111107 -0.6666666666666667 3.5555555555555554
1.1111111111111107 -0.22222222222222232 3.5555555555555554
1.1111111111111107 0.22222222222222232 3.5555555555555554
1.1111111111111107 0.6666666666666665 3.5555555555555554
1.1111111111111107 1.1111111111111107 3.5555555555555554
1.1111111111111107 1.5555555555555554 3.5555555555555554
1.1111111111111107 2.0 3.5555555555555554
1.5555555555555554 -2.0 3.5555555555555554
1.5555555555555554 -1.5555555555555556 3.5555555555555554
1.5555555555555554 -1.1111111111111112 3.5555555555555554
1.5555555555555554 -0.6666666666666667 3.5555555555555554
1.5555555555555554 -0.22222222222222232 3.5555555555555554
1.5555555555555554 0.22222222222222232 3.5555555555555554
1.5555555555555554 0.6666666666666665 3.5555555555555554
1.5555555555555554 1.1111111111111107 3.5555555555555554
1.5555555555555554 1.5555555555555554 3.5555555555555554
1.5555555555555554 2.0 3.5555555555555554
2.0 -2.0 3.5555555555555554
2.0 -1.5555555555555556 3.5555555555555554
2.0 -1.1111111111111112 3.5555555555555554
2.0 -0.6666666666666667 3.5555555555555554
2.0 -0.22222222222222232 3.5555555555555554
2.0 0.22222222222222232 3.5555555555555554
2.0 0.6666666666666665 3.5555555555555554
2.0 1.1111111111111107 3.5555555555555554
2.0 1.5555555555555554 3.5555555555555554
2.0 2.0 3.5555555555555554
-2.0 -2.0 4.0
-2.0 -1.5555555555555556 4.0
-2.0 -1.1111111111111112 4.0
-2.0 -0.6666666666666667 4.0
-2.0 -0.22222222222222232 4.0
-2.0 0.22222222222222232 4.0
-2.0 0.6666666666666665 4.0
-2.0 1.1111111111111107 4.0
-2.0 1.5555555555555554 4.0
-2.0 2.0 4.0
-1.5555555555555556 -2.0 4.0
-1.5555555555555556 -1.5555555555555556 4.0
-1.5555555555555556 -1.1111111111111112 4.0
-1.5555555555555556 -0.6666666666666667 4.0
-1.5555555555555556 -0.22222222222222232 4.0
-1.5555555555555556 0.22222222222222232 4.0
-1.5555555555555556 0.6666666666666665 4.0
-1.5555555555555556 1.1111111111111107 4.0
-1.5555555555555556 1.5555555555555554 4.0
-1.5555555555555556 2.0 4.0
-1.1111111111111112 -2.0 4.0
-1.1111111111111112 -1.5555555555555556 4.0
-1.1111111111111112 -1.1111111111111112 4.0
-1.1111111111111112 -0.6666666666666667 4.0
-1.1111111111111112 -0.22222222222222232 4.0
-1.1111111111111112 0.22222222222222232 4.0
-1.1111111111111112 0.6666666666666665 4.0
-1.1111111111111112 1.1111111111111107 4.0
-1.1111111111111112 1.5555555555555554 4.0
-1.1111111111111112 2.0 4.0
-0.6666666666666667 -2.0 4.0
-0.6666666666666667 -1.5555555555555556 4.0
-0.6666666666666667 -1.1111111111111112 4.0
-0.6666666666666667 -0.6666666666666667 4.0
-0.6666666666666667 -0.22222222222222232 4.0
-0.6666666666666667 0.22222222222222232 4.0
-0.6666666666666667 0.6666666666666665 4.0
-0.6666666666666667 1.1111111111111107 4.0
-0.6666666666666667 1.5555555555555554 4.0
-0.6666666666666667 2.0 4.0
-0.22222222222222232 -2.0 4.0
-0.22222222222222232 -1.5555555555555556 4.0
-0.22222222222222232 -1.1111111111111112 4.0
-0.22222222222222232 -0.6666666666666667 4.0
-0.22222222222222232 -0.22222222222222232 4.0
-0.22222222222222232 0.22222222222222232 4.0
-0.22222222222222232 0.6666666666666665 4.0
-0.22222222222222232 1.1111111111111107 4.0
-0.22222222222222232 1.5555555555555554 4.0
-0.22222222222222232 2.0 4.0
0.22222222222222232 -2.0 4.0
0.22222222222222232 -1.5555555555555556 4.0
0.22222222222222232 -1.1111111111111112 4.0
0.22222222222222232 -0.6666666666666667 4.0
0.22222222222222232 -0.22222222222222232 4.0
0.22222222222222232 0.22222222222222232 4.0
0.22222222222222232 0.6666666666666665 4.0
0.22222222222222232 1.1111111111111107 4.0
0.22222222222222232 1.5555555555555554 4.0
0.22222222222222232 2.0 4.0
0.6666666666666665 -2.0 4.0
0.6666666666666665 -1.5555555555555556 4.0
0.6666666666666665 -1.1111111111111112 4.0
0.6666666666666665 -0.6666666666666667 4.0
0.6666666666666665 -0.22222222222222232 4.0
0.6666666666666665 0.22222222222222232 4.0
0.6666666666666665 0.6666666666666665 4.0
0.6666666666666665 1.1111111111111107 4.0
0.6666666666666665 1.5555555555555554 4.0
0.6666666666666665 2.0 4.0
1.1111111111111107 -2.0 4.0
1.1111111111111107 -1.5555555555555556 4.0
1.1111111111111107 -1.1111111111111112 4.0
1.1111111111111107 -0.6666666666666667 4.0
1.1111111111111107 -0.22222222222222232 4.0
1.1111111111111107 0.22222222222222232 4.0
1.1111111111111107 0.6666666666666665 4.0
1.1111111111111107 1.1111111111111107 4.0
1.1111111111111107 1.5555555555555554 4.0
1.1111111111111107 2.0 4.0
1.5555555555555554 -2.0 4.0
1.5555555555555554 -1.5555555555555556 4.0
1.5555555555555554 -1.1111111111111112 4.0
1.5555555555555554 -0.6666666666666667 4.0
1.5555555555555554 -0.22222222222222232 4.0
1.5555555555555554 0.22222222222222232 4.0
1.5555555555555554 0.6666666666666665 4.0
1.5555555555555554 1.1111111111111107 4.0
1.5555555555555554 1.5555555555555554 4.0
1.5555555555555554 2.0 4.0
2.0 -2.0 4.0
2.0 -1.5555555555555556 4.0
2.0 -1.1111111111111112 4.0
2.0 -0.6666666666666667 4.0
2.0 -0.22222222222222232 4.0
2.0 0.22222222222222232 4.0
2.0 0.6666666666666665 4.0
2.0 1.1111111111111107 4.0
2.0 1.5555555555555554 4.0
2.0 2.0 4.0
