-2.0 -2.0 0.0
-2.0 -0.6666666666666667 0.0
-2.0 0.6666666666666665 0.0
-2.0 2.0 0.0
-0.6666666666666667 -2.0 0.0
-0.6666666666666667 -0.6666666666666667 0.0
-0.6666666666666667 0.6666666666666665 0.0
-0.6666666666666667 2.0 0.0
0.6666666666666665 -2.0 0.0
0.6666666666666665 -0.6666666666666667 0.0
0.6666666666666665 0.6666666666666665 0.0
0.6666666666666665 2.0 0.0
2.0 -2.0 0.0
2.0 -0.6666666666666667 0.0
2.0 0.6666666666666665 0.0
2.0 2.0 0.0
-2.0 -2.0 0.0
-2.0 -0.6666666666666667 0.0
-2.0 0.6666666666666665 0.0
-2.0 2.0 0.0
-0.6666666666666667 -2.0 0.0
-0.6666666666666667 -0.6666666666666667 0.0
-0.6666666666666667 0.6666666666666665 0.0
-0.6666666666666667 2.0 0.0
0.6666666666666665 -2.0 0.0
0.6666666666666665 -0.6666666666666667 0.0
0.6666666666666665 0.6666666666666665 0.0
0.6666666666666665 2.0 0.0
2.0 -2.0 0.0
2.0 -0.6666666666666667 0.0
2.0 0.6666666666666665 0.0
2.0 2.0 0.0
-2.0 -2.0 0.0
-2.0 -0.6666666666666667 0.0
-2.0 0.6666666666666665 0.0
-2.0 2.0 0.0
-0.6666666666666667 -2.0 0.0
-0.6666666666666667 -0.6666666666666667 0.0
-0.6666666666666667 0.6666666666666665 0.0
-0.6666666666666667 2.0 0.0
0.6666666666666665 -2.0 0.0
0.6666666666666665 -0.6666666666666667 0.0
0.6666666666666665 0.6666666666666665 0.0
0.6666666666666665 2.0 0.0
2.0 -2.0 0.0
2.0 -0.6666666666666667 0.0
2.0 0.6666666666666665 0.0
2.0 2.0 0.0
-2.0 -2.0 0.0
-2.0 -0.6666666666666667 0.0
-2.0 0.6666666666666665 0.0
-2.0 2.0 0.0
-0.6666666666666667 -2.0 0.0
-0.6666666666666667 -0.6666666666666667 0.0
-0.6666666666666667 0.6666666666666665 0.0
-0.6666666666666667 2.0 0.0
0.6666666666666665 -2.0 0.0
0.6666666666666665 -0.6666666666666667 0.0
0.6666666666666665 0.6666666666666665 0.0
0.6666666666666665 2.0 0.0
2.0 -2.0 0.0
2.0 -0.6666666666666667 0.0
2.0 0.6666666666666665 0.0
2.0 2.0 0.0
-2.0 -2.0 2.0
-2.0 -0.6666666666666667 2.0
-2.0 0.6666666666666665 2.0
-2.0 2.0 2.0
-0.6666666666666667 -2.0 2.0
-0.6666666666666667 -0.6666666666666667 2.0
-0.6666666666666667 0.6666666666666665 2.0
-0.6666666666666667 2.0 2.0
0.6666666666666665 -2.0 2.0
0.6666666666666665 -0.6666666666666667 2.0
0.6666666666666665 0.6666666666666665 2.0
0.6666666666666665 2.0 2.0
2.0 -2.0 2.0
2.0 -0.6666666666666667 2.0
2.0 0.6666666666666665 2.0
2.0 2.0 2.0
-2.0 -2.0 2.0
-2.0 -0.6666666666666667 2.0
-2.0 0.6666666666666665 2.0
-2.0 2.0 2.0
-0.6666666666666667 -2.0 2.0
-0.6666666666666667 -0.6666666666666667 2.0
-0.6666666666666667 0.6666666666666665 2.0
-0.6666666666666667 2.0 2.0
0.6666666666666665 -2.0 2.0
0.6666666666666665 -0.6666666666666667 2.0
0.6666666666666665 0.6666666666666665 2.0
0.6666666666666665 2.0 2.0
2.0 -2.0 2.0
2.0 -0.6666666666666667 2.0
2.0 0.6666666666666665 2.0
2.0 2.0 2.0
-2.0 -2.0 2.0
-2.0 -0.6666666666666667 2.0
-2.0 0.6666666666666665 2.0
-2.0 2.0 2.0
-0.6666666666666667 -2.0 2.0
-0.6666666666666667 -0.6666666666666667 2.0
-0.6666666666666667 0.6666666666666665 2.0
-0.6666666666666667 2.0 2.0
0.6666666666666665 -2.0 2.0
0.6666666666666665 -0.6666666666666667 2.0
0.6666666666666665 0.6666666666666665 2.0
0.6666666666666665 2.0 2.0
2.0 -2.0 2.0
2.0 -0.6666666666666667 2.0
2.0 0.6666666666666665 2.0
2.0 2.0 2.0
-2.0 -2.0 2.0
-2.0 -0.6666666666666667 2.0
-2.0 0.6666666666666665 2.0
-2.0 2.0 2.0
-0.6666666666666667 -2.0 2.0
-0.6666666666666667 -0.6666666666666667 2.0
-0.6666666666666667 0.6666666666666665 2.0
-0.6666666666666667 2.0 2.0
0.6666666666666665 -2.0 2.0
0.6666666666666665 -0.6666666666666667 2.0
0.6666666666666665 0.6666666666666665 2.0
0.6666666666666665 2.0 2.0
2.0 -2.0 2.0
2.0 -0.6666666666666667 2.0
2.0 0.6666666666666665 2.0
2.0 2.0 2.0
-2.0 -2.0 4.0
-2.0 -0.6666666666666667 4.0
-2.0 0.6666666666666665 4.0
-2.0 2.0 4.0
-0.6666666666666667 -2.0 4.0
-0.6666666666666667 -0.6666666666666667 4.0
-0.6666666666666667 0.6666666666666665 4.0
-0.6666666666666667 2.0 4.0
0.6666666666666665 -2.0 4.0
0.6666666666666665 -0.6666666666666667 4.0
0.6666666666666665 0.6666666666666665 4.0
0.6666666666666665 2.0 4.0
2.0 -2.0 4.0
2.0 -0.6666666666666667 4.0
2.0 0.6666666666666665 4.0
2.0 2.0 4.0
-2.0 -2.0 4.0
-2.0 -0.6666666666666667 4.0
-2.0 0.6666666666666665 4.0
-2.0 2.0 4.0
-0.6666666666666667 -2.0 4.0
-0.6666666666666667 -0.6666666666666667 4.0
-0.6666666666666667 0.6666666666666665 4.0
-0.6666666666666667 2.0 4.0
0.6666666666666665 -2.0 4.0
0.6666666666666665 -0.6666666666666667 4.0
0.6666666666666665 0.6666666666666665 4.0
0.6666666666666665 2.0 4.0
2.0 -2.0 4.0
2.0 -0.6666666666666667 4.0
2.0 0.6666666666666665 4.0
2.0 2.0 4.0
-2.0 -2.0 4.0
-2.0 -0.6666666666666667 4.0
-2.0 0.6666666666666665 4.0
-2.0 2.0 4.0
-0.6666666666666667 -2.0 4.0
-0.6666666666666667 -0.6666666666666667 4.0
-0.6666666666666667 0.6666666666666665 4.0
-0.6666666666666667 2.0 4.0
0.6666666666666665 -2.0 4.0
0.6666666666666665 -0.6666666666666667 4.0
0.6666666666666665 0.6666666666666665 4.0
0.6666666666666665 2.0 4.0
2.0 -2.0 4.0
2.0 -0.6666666666666667 4.0
2.0 0.6666666666666665 4.0
2.0 2.0 4.0
-2.0 -2.0 4.0
-2.0 -0.6666666666666667 4.0
-2.0 0.6666666666666665 4.0
-2.0 2.0 4.0
-0.6666666666666667 -2.0 4.0
-0.6666666666666667 -0.6666666666666667 4.0
-0.6666666666666667 0.6666666666666665 4.0
-0.6666666666666667 2.0 4.0
0.6666666666666665 -2.0 4.0
0.6666666666666665 -0.6666666666666667 4.0
0.6666666666666665 0.6666666666666665 4.0
0.6666666666666665 2.0 4.0
2.0 -2.0 4.0
2.0 -0.6666666666666667 4.0
2.0 0.6666666666666665 4.0
2.0 2.0 4.0
